1,0,9.01961,30.3
2,0,100,2.2
3,3,100,5.2
1,8,9.01961,30.3
2,13,100,2.2
3,17,100,5.2
1,20,9.01961,30.3
2,24,100,2.2
3,25,100,5.2
1,33,9.01961,30.3
3,33,100,5.2
2,37,100,2.2
1,41,9.01961,30.5
3,45,100,5.2
2,45,100,2.2
1,53,9.01961,30.3
3,53,100,5.2
2,58,100,2.2
3,66,100,5.2
1,66,9.01961,30.3
2,70,100,2.1
3,75,100,5.3
1,75,9.01961,30.3
2,79,100,2.2
3,81,100,5.2
1,86,9.01961,30.3
2,89,100,2.2
3,95,100,5.2
1,98,9.01961,30.3
2,98,100,2.2
3,102,100,5.3
1,106,9.01961,30.8
2,111,100,2.2
3,115,100,5.2
1,119,9.01961,30.3
2,122,100,2.2
3,126,100,5.2
1,132,9.01961,30.3
2,132,100,2.2
3,136,100,5.2
1,139,9.01961,30.3
2,144,100,2.2
3,147,100,5.2
1,151,9.01961,30.3
1,164,9.01961,30.8
2,164,100,2.2
3,168,100,5.2
1,172,9.01961,30.3
2,176,100,2.1
3,176,100,5.3
1,185,9.01961,30.3
2,189,100,2.2
3,189,100,5.2
1,196,9.01961,30.3
3,196,100,5.2
2,196,100,2.2
3,204,100,5.2
1,204,9.01961,30.3
2,209,99.6078,2.2
3,217,100,5.2
1,217,9.01961,30.3
2,222,100,2.2
3,226,100,5.2
1,229,9.01961,30.3
2,229,100,2.2
3,238,100,5.2
1,238,9.01961,30.3
2,242,100,2.2
3,245,100,5.2
1,251,9.01961,30.3
2,254,100,2.2
3,254,100,5.2
1,263,9.01961,30.3
2,263,100,2.2
3,267,100,5.2
1,271,9.01961,30.3
2,274,100,2.2
3,274,100,5.2
1,282,9.01961,30.3
2,286,100,2.2
3,286,100,5.2
1,295,9.01961,30.3
2,295,100,2.2
3,298,100,5.3
1,303,9.01961,30.3
3,307,100,5.2
2,308,100,2.1
1,315,9.01961,30.3
3,315,100,5.2
2,319,99.6078,2.2
3,328,100,5.2
1,328,9.01961,30.3
2,329,100,2.2
3,336,100,5.2
1,336,9.01961,30.3
2,341,100,2.2
3,348,100,5.2
1,348,9.01961,30.5
2,353,100,2.2
3,357,100,5.2
1,361,9.01961,30.3
2,361,100,2.2
3,365,100,5.3
1,373,9.01961,30.3
2,373,100,2.2
3,376,100,5.3
1,382,9.01961,30.8
2,384,100,2.2
3,384,100,5.2
1,394,9.01961,30.3
2,394,100,2.2
3,398,100,5.2
1,405,9.01961,30.3
2,405,100,2.1
3,405,100,5.2
1,413,9.01961,30.3
2,417,100,2.2
3,417,100,5.2
1,427,9.01961,30.3
2,427,100,2.2
3,431,100,5.2
1,438,9.01961,30.3
3,438,100,5.2
2,438,100,2.2
3,447,100,5.2
1,447,9.01961,30.3
2,450,100,2.2
3,454,100,5.3
1,458,9.01961,30.3
2,460,100,2.1
3,467,100,5.2
1,467,9.01961,30.5
2,472,100,2.2
3,480,100,5.2
1,480,9.01961,30.3
2,483,100,2.2
3,488,100,5.2
1,491,9.01961,30.3
2,492,100,2.2
3,496,100,5.3
1,500,9.01961,30.3
2,503,100,2.2
3,508,100,5.2
1,513,9.41177,30.1
2,516,100,2.2
3,516,100,5.3
1,525,9.41177,31
2,526,100,2.2
3,534,100,5.4
1,534,9.41177,31.4
2,538,99.6078,2.2
3,545,100,5.4
1,545,9.41177,31.6
2,549,100,2.2
3,549,100,5.4
1,557,9.41177,31.8
3,557,100,5.4
2,562,100,2.2
3,570,100,5.5
1,570,9.41177,31.8
2,570,100,2.2
3,578,100,5.5
1,578,9.41177,31.8
2,584,100,2.2
3,590,100,5.5
1,590,9.41177,31.8
2,593,100,2.3
3,599,100,5.5
1,603,9.41177,31.8
2,603,100,2.2
3,606,100,5.5
1,610,9.41177,32
2,614,100,2.2
3,618,100,5.5
1,623,9.41177,31.8
2,626,100,2.3
3,627,100,5.5
1,635,9.41177,31.8
2,636,100,2.2
3,638,100,5.5
1,642,9.41177,31.8
2,647,100,2.2
3,647,100,5.5
1,655,9.41177,31.8
2,656,100,2.3
3,659,100,5.5
1,667,9.41177,32
2,668,100,2.2
3,672,100,5.5
1,676,9.41177,31.8
2,680,100,2.2
3,680,100,5.5
1,688,9.41177,31.8
2,688,100,2.2
3,691,100,5.5
1,701,9.41177,32
2,701,100,2.2
3,705,100,5.5
1,708,9.41177,31.8
3,710,100,5.5
2,715,100,2.2
1,721,9.41177,31.8
3,721,100,5.5
2,724,100,2.2
1,734,9.41177,31.8
3,734,100,5.5
2,735,100,2.2
3,741,100,5.5
1,742,9.41177,31.8
2,748,99.6078,2.2
3,754,100,5.5
1,754,9.41177,32
2,758,100,2.2
3,762,100,5.5
1,765,9.41177,32
2,765,100,2.2
3,773,100,5.5
1,773,9.41177,32
2,777,100,2.3
3,782,100,5.5
1,787,9.41177,31.8
2,791,100,2.2
3,794,100,5.5
1,799,9.41177,31.8
2,799,100,2.2
3,803,100,5.5
1,806,9.41177,31.8
2,810,100,2.2
3,815,100,5.5
1,819,9.41177,31.8
2,823,100,2.2
3,823,100,5.5
1,831,9.41177,32
2,831,100,2.2
3,831,100,5.5
1,839,9.01961,32.2
2,844,100,2.2
3,844,100,5.5
1,852,9.41177,31.2
2,852,99.6078,2.2
3,855,100,5.4
1,864,9.41177,31.4
2,865,100,2.2
3,869,100,5.4
1,872,9.41177,31.6
3,872,100,5.5
2,878,100,2.2
3,885,100,5.5
1,885,9.41177,31.8
2,885,100,2.2
3,892,100,5.5
1,897,9.41177,31.8
2,898,100,2.2
3,905,100,5.5
1,905,9.41177,32.2
2,909,100,2.2
3,915,100,5.5
1,918,9.41177,31.8
2,918,100,2.2
3,925,100,5.5
1,929,9.41177,32
2,931,100,2.3
3,937,100,5.5
1,937,9.01961,32.2
2,942,100,2.2
3,951,100,5.5
1,951,9.01961,31.2
2,954,100,2.2
3,954,100,5.4
1,963,9.01961,30.8
2,963,100,2.2
3,967,100,5.4
1,970,9.01961,30.5
2,974,100,2.2
3,974,100,5.3
1,982,9.01961,30.5
2,986,100,2.2
3,986,100,5.3
1,996,9.01961,30.8
2,996,100,2.2
3,999,100,5.3
1,1003,9.01961,30.3
2,1007,100,2.2
3,1007,100,5.3
1,1015,9.01961,30.5
2,1020,100,2.2
3,1020,100,5.3
1,1028,9.01961,30.8
3,1029,100,5.3
2,1029,100,2.2
3,1036,100,5.3
1,1036,9.01961,30.3
2,1041,99.6078,2.2
3,1049,100,5.3
1,1049,9.01961,30.5
2,1054,100,2.2
3,1057,100,5.2
1,1060,9.01961,30.8
2,1061,100,2.2
3,1069,100,5.3
1,1069,9.01961,30.5
2,1073,100,2.2
3,1079,100,5.3
1,1086,9.01961,30.3
2,1086,100,2.2
3,1090,100,5.3
1,1094,9.01961,30.3
2,1095,100,2.2
3,1102,100,5.3
1,1102,9.01961,30.3
2,1105,100,2.2
3,1110,100,5.2
1,1115,9.01961,30.3
2,1118,100,2.2
3,1118,100,5.2
1,1126,9.01961,30.3
2,1127,100,2.2
3,1132,100,5.3
1,1135,9.01961,30.3
2,1142,100,2.2
3,1142,100,5.2
1,1147,9.01961,30.5
2,1152,100,2.2
3,1152,100,5.2
1,1160,9.01961,30.3
2,1161,100,2.2
3,1167,100,5.3
1,1167,9.01961,30.3
2,1171,100,2.2
3,1175,100,5.3
1,1180,9.01961,30.8
3,1181,100,5.2
2,1189,100,2.1
3,1193,100,5.2
1,1193,9.01961,30.3
2,1194,99.6078,2.2
3,1200,100,5.3
1,1200,9.01961,30.3
2,1205,100,2.2
3,1212,100,5.2
1,1212,9.01961,30.5
2,1216,100,2.2
3,1221,100,5.2
1,1226,9.01961,30.3
2,1226,100,2.2
3,1230,100,5.3
1,1233,9.01961,30.3
2,1237,100,2.2
3,1241,100,5.2
1,1246,9.01961,30.5
2,1250,100,2.2
3,1254,100,5.2
1,1258,9.01961,30.3
2,1262,100,2.2
3,1263,100,5.2
1,1270,9.01961,30.3
2,1270,100,2.2
3,1273,100,5.3
1,1277,9.01961,30.3
2,1281,100,2.2
3,1281,100,5.2
1,1290,9.01961,30.3
2,1294,100,2.2
3,1294,100,5.2
1,1303,9.01961,30.3
2,1303,100,2.2
3,1307,100,5.3
1,1310,9.01961,30.3
3,1315,100,5.2
2,1315,100,2.1
1,1324,9.01961,30.3
3,1324,100,5.2
2,1327,99.6078,2.2
1,1336,9.01961,30.8
3,1336,100,5.2
2,1336,99.6078,2.2
1,1343,9.01961,30.3
3,1343,100,5.3
2,1348,100,2.2
3,1355,100,5.2
1,1355,9.01961,30.3
2,1359,100,2.2
3,1365,100,5.3
1,1365,9.01961,30.3
2,1369,100,2.2
3,1376,100,5.3
1,1376,9.01961,30.3
2,1381,100,2.1
3,1384,100,5.2
1,1389,9.01961,30.3
2,1392,100,2.2
3,1392,100,5.2
1,1397,9.01961,30.3
2,1400,100,2.2
3,1405,100,5.3
1,1408,9.01961,30.3
2,1414,100,2.2
3,1417,100,5.2
1,1422,9.01961,30.3
2,1427,100,2.1
3,1427,100,5.2
1,1429,9.01961,30.3
2,1433,100,2.2
3,1438,100,5.2
1,1442,9.01961,30.3
3,1446,100,5.3
2,1446,100,2.2
1,1453,9.01961,30.3
3,1453,100,5.3
2,1459,100,2.2
1,1467,9.01961,30.3
3,1467,100,5.3
2,1467,100,2.2
3,1474,100,5.2
1,1474,9.01961,30.3
2,1479,100,2.2
3,1487,100,5.2
1,1487,9.01961,30.3
2,1492,100,2.2
3,1495,100,5.3
1,1499,9.01961,30.8
2,1499,100,2.2
3,1504,100,5.3
1,1508,9.01961,30.3
2,1511,100,2.2
3,1520,100,5.2
1,1520,9.01961,30.3
2,1524,100,2.2
3,1524,100,5.2
1,1533,9.01961,30.3
2,1533,100,2.2
3,1536,100,5.2
1,1541,9.01961,30.3
2,1545,100,2.2
3,1553,100,5.3
1,1553,9.01961,30.3
2,1557,100,2.2
3,1557,100,5.3
1,1565,9.01961,30.3
2,1565,100,2.2
3,1568,100,5.3
1,1572,9.01961,30.3
3,1577,100,5.2
2,1577,100,2.2
1,1585,9.01961,30.8
3,1586,100,5.2
2,1591,100,2.2
3,1598,100,5.2
1,1598,9.01961,30.3
2,1599,100,2.2
3,1605,100,5.3
1,1606,9.01961,30.3
2,1610,100,2.2
3,1615,100,5.2
1,1622,9.01961,31
2,1623,100,2.2
3,1631,100,5.3
1,1631,9.01961,30.3
2,1631,100,2.2
3,1635,100,5.2
1,1639,9.01961,30.3
2,1642,100,2.2
3,1646,100,5.2
1,1651,9.01961,30.3
2,1654,100,2.2
3,1655,100,5.2
1,1664,9.01961,30.3
2,1664,100,2.2
3,1667,100,5.2
1,1671,9.01961,30.3
2,1676,100,2.2
3,1679,100,5.2
1,1684,9.01961,30.3
2,1688,100,2.2
3,1688,100,5.2
1,1694,9.01961,30.3
3,1695,100,5.2
2,1699,100,2.2
1,1702,9.01961,30.3
3,1708,100,5.2
2,1709,100,2.2
3,1717,100,5.3
1,1717,9.01961,30.3
2,1724,100,2.2
3,1725,100,5.2
1,1728,9.01961,30.3
2,1729,100,2.2
3,1736,100,5.2
1,1737,9.01961,30.3
2,1740,100,2.2
3,1746,100,5.3
1,1753,9.01961,30.3
2,1754,100,2.2
3,1757,100,5.2
1,1760,9.01961,30.3
2,1761,100,2.2
3,1769,100,5.3
1,1770,9.01961,30.3
2,1773,100,2.2
3,1778,100,5.2
1,1783,9.01961,30.3
2,1786,100,2.2
3,1787,100,5.2
1,1794,9.01961,30.3
2,1795,100,2.2
3,1802,100,5.3
1,1803,9.01961,30.8
2,1806,100,2.2
3,1815,100,5.2
1,1815,9.01961,30.3
2,1821,100,2.2
3,1822,100,5.2
1,1827,9.01961,30.3
3,1827,100,5.2
2,1831,100,2.2
1,1839,9.01961,30.3
3,1840,100,5.3
2,1840,100,2.2
1,1846,9.01961,30.3
3,1847,100,5.3
2,1852,100,2.2
3,1858,100,5.3
1,1859,9.01961,30.3
2,1862,100,2.2
3,1869,100,5.3
1,1869,9.01961,30.3
2,1871,100,2.2
3,1876,100,5.2
1,1880,9.01961,30.3
2,1883,100,2.2
3,1889,100,5.2
1,1892,9.01961,30.3
2,1897,100,2.2
3,1897,100,5.2
1,1904,9.01961,30.3
2,1905,100,2.2
3,1908,100,5.2
1,1912,9.01961,30.3
2,1917,100,2.2
3,1917,100,5.2
1,1925,9.01961,30.3
2,1930,100,2.2
3,1931,100,5.3
1,1937,9.01961,30.3
2,1938,100,2.2
3,1941,100,5.2
1,1945,9.01961,30.3
3,1951,100,5.3
2,1951,100,2.2
1,1957,9.01961,30.3
3,1958,100,5.3
2,1963,100,2.1
1,1965,9.01961,30.3
3,1966,100,5.2
2,1970,100,2.2
3,1977,100,5.2
1,1977,9.01961,30.3
2,1981,100,2.2
3,1986,100,5.2
1,1989,9.01961,30.3
2,1995,100,2.2
3,1999,100,5.2
1,2000,9.01961,30.3
2,2003,100,2.2
3,2011,100,5.2
1,2011,9.01961,30.5
2,2015,100,2.1
3,2020,100,5.2
1,2023,9.01961,30.3
2,2023,99.6078,2.2
3,2028,100,5.3
1,2035,9.01961,30.3
2,2035,100,2.2
3,2040,100,5.2
1,2044,9.01961,30.8
2,2049,100,2.2
3,2050,100,5.3
1,2057,9.01961,30.3
2,2061,100,2.2
3,2061,100,5.2
1,2068,9.01961,30.3
2,2068,100,2.2
3,2073,100,5.2
1,2077,9.01961,30.3
2,2080,100,2.2
3,2080,100,5.3
1,2090,9.01961,30.5
3,2090,100,5.3
2,2093,100,2.2
1,2101,9.01961,30.3
3,2102,100,5.2
2,2102,100,2.2
1,2110,9.01961,30.3
3,2110,100,5.3
2,2114,100,2.2
3,2122,100,5.2
1,2122,9.01961,30.3
2,2126,100,2.2
3,2129,100,5.3
1,2129,9.01961,30.3
2,2135,100,2.2
3,2142,100,5.2
1,2142,9.01961,30.5
2,2147,100,2.2
3,2151,100,5.2
1,2154,9.01961,30.3
2,2159,100,2.2
3,2162,100,5.2
1,2163,9.01961,30.3
2,2167,100,2.2
3,2174,100,5.2
1,2175,9.01961,30.8
2,2179,100,2.2
1,2187,9.01961,30.3
2,2191,100,2.2
3,2192,100,5.2
1,2194,9.01961,30.3
2,2199,100,2.1
3,2204,100,5.2
1,2206,9.01961,30.3
2,2212,100,2.2
3,2217,100,5.3
1,2220,9.01961,30.3
3,2220,100,5.2
2,2225,100,2.2
1,2228,9.01961,30.3
3,2232,100,5.2
2,2232,100,2.1
3,2240,100,5.2
1,2241,9.01961,30.3
2,2244,100,2.2
3,2254,100,5.2
1,2254,9.01961,30.3
2,2258,100,2.2
3,2260,100,5.2
1,2265,9.01961,30.8
2,2266,100,2.2
3,2269,100,5.3
1,2272,9.01961,30.3
2,2276,100,2.2
3,2280,100,5.2
1,2285,9.01961,30.3
2,2286,100,2.1
3,2289,100,5.2
1,2298,9.01961,30.3
2,2299,100,2.2
3,2302,100,5.2
1,2305,9.01961,30.3
2,2310,100,2.2
3,2311,100,5.3
1,2322,9.01961,30.3
2,2323,100,2.2
3,2323,100,5.2
1,2330,9.01961,30.3
2,2331,100,2.2
3,2333,100,5.2
1,2338,9.01961,30.3
2,2342,100,2.2
3,2342,100,5.3
1,2351,9.01961,30.3
3,2352,100,5.2
2,2354,100,2.2
1,2363,9.01961,30.8
3,2364,100,5.2
2,2364,100,2.1
3,2371,100,5.2
1,2371,9.01961,30.3
2,2376,99.6078,2.2
3,2384,100,5.2
1,2384,9.01961,30.3
2,2388,100,2.2
3,2391,100,5.2
1,2395,9.41177,30.3
2,2396,100,2.1
3,2401,100,5.3
1,2404,9.01961,31
2,2408,99.6078,2.3
3,2411,100,5.3
1,2416,9.01961,30.8
2,2420,100,2.2
3,2424,100,5.3
1,2428,9.01961,30.5
2,2429,100,2.2
3,2432,100,5.3
1,2437,9.01961,30.5
2,2441,100,2.2
3,2441,100,5.3
1,2448,9.01961,30.3
2,2455,100,2.2
3,2455,100,5.2
1,2462,9.01961,30.3
2,2463,100,2.2
3,2464,100,5.2
1,2470,9.01961,30.3
2,2474,100,2.2
3,2474,100,5.2
1,2481,9.01961,30.3
2,2486,100,2.2
3,2486,100,5.3
1,2494,9.01961,30.3
3,2495,100,5.2
2,2495,100,2.1
1,2502,9.01961,30.3
3,2503,100,5.2
2,2507,99.6078,2.2
3,2515,100,5.2
1,2516,9.01961,30.5
2,2519,100,2.2
3,2527,100,5.2
1,2528,9.01961,30.3
2,2528,100,2.2
3,2535,100,5.2
1,2536,9.01961,30.3
2,2539,100,2.2
3,2547,100,5.2
1,2547,9.01961,30.8
2,2551,100,2.2
3,2555,100,5.2
1,2560,9.01961,30.3
2,2561,100,2.1
3,2563,100,5.2
1,2568,9.01961,30.8
2,2571,100,2.2
3,2576,100,5.2
1,2580,9.01961,30.3
2,2583,100,2.2
3,2584,100,5.2
1,2593,9.01961,30.3
2,2594,100,2.2
3,2597,100,5.2
1,2600,9.01961,30.3
2,2606,100,2.2
3,2608,100,5.2
1,2613,9.01961,30.3
2,2616,100,2.2
3,2617,100,5.3
1,2625,9.01961,30.3
3,2626,100,5.2
2,2628,100,2.2
1,2638,9.01961,30.3
3,2639,100,5.2
2,2639,100,2.2
3,2646,100,5.2
1,2646,9.01961,30.3
2,2650,100,2.2
3,2657,100,5.2
1,2657,9.01961,30.3
2,2662,100,2.2
3,2665,100,5.2
1,2665,9.01961,31
2,2670,100,2.2
3,2674,100,5.3
1,2678,9.01961,30.3
2,2682,100,2.2
3,2690,100,5.3
1,2690,9.01961,30.3
2,2695,100,2.2
3,2695,100,5.2
1,2699,9.01961,30.1
2,2703,100,2.2
3,2709,100,5.3
1,2712,9.01961,30.3
2,2716,100,2.2
3,2717,100,5.2
1,2723,9.01961,30.3
2,2727,100,2.2
3,2727,100,5.2
1,2732,9.01961,30.3
3,2736,100,5.2
2,2736,100,2.2
1,2743,9.01961,30.3
3,2748,100,5.2
2,2748,100,2.2
1,2757,9.01961,30.3
3,2757,100,5.2
2,2761,100,2.1
3,2764,100,5.3
1,2764,9.01961,30.5
2,2768,100,2.2
3,2777,100,5.2
1,2777,9.01961,30.3
2,2781,100,2.2
3,2785,100,5.3
1,2789,9.01961,30.8
2,2794,100,2.2
3,2798,100,5.2
1,2798,9.01961,30.3
2,2802,100,2.2
3,2806,100,5.2
1,2809,9.01961,30.3
2,2814,100,2.2
3,2817,100,5.2
1,2822,9.01961,30.3
2,2823,100,2.2
3,2826,100,5.2
2,2835,100,2.2
3,2839,100,5.2
1,2842,9.01961,30.3
2,2847,100,2.2
3,2847,100,5.2
1,2854,9.01961,30.3
2,2859,100,2.2
3,2859,100,5.3
1,2866,9.01961,30.3
3,2866,100,5.3
2,2866,100,2.2
1,2875,9.01961,30.3
3,2875,100,5.2
2,2880,100,2.2
3,2888,100,5.3
1,2888,9.01961,30.3
2,2892,100,2.2
3,2896,100,5.2
1,2896,9.01961,30.3
2,2899,100,2.2
3,2908,100,5.2
1,2908,9.01961,30.3
2,2912,100,2.2
3,2916,100,5.2
1,2921,9.01961,30.3
2,2925,100,2.1
3,2929,100,5.2
1,2929,9.01961,30.3
2,2933,99.6078,2.2
3,2941,100,5.2
1,2941,9.01961,30.1
2,2945,100,2.2
3,2945,100,5.2
1,2953,9.01961,30.3
2,2957,100,2.2
3,2957,100,5.2
1,2966,9.01961,30.3
2,2966,100,2.2
3,2969,100,5.2
1,2973,9.01961,30.3
2,2977,100,2.2
3,2982,100,5.2
1,2986,9.01961,30.3
3,2986,100,5.2
2,2990,100,2.2
1,2994,9.01961,30.3
3,2999,100,5.2
2,2999,100,2.2
3,3006,100,5.3
1,3006,9.01961,30.3
2,3010,100,2.2
3,3018,100,5.2
1,3018,9.01961,30.3
2,3024,100,2.1
3,3027,100,5.3
1,3031,9.01961,30.3
2,3031,100,2.2
3,3039,100,5.3
1,3039,9.01961,30.8
2,3044,100,2.2
3,3048,100,5.2
1,3051,9.01961,30.3
2,3056,100,2.2
3,3060,100,5.2
1,3064,9.01961,30.3
2,3064,100,2.2
3,3067,100,5.2
1,3072,9.01961,30.1
2,3076,100,2.2
3,3080,100,5.2
1,3085,9.01961,30.3
2,3090,100,2.2
3,3091,100,5.2
1,3097,9.01961,30.3
2,3097,100,2.2
3,3100,100,5.2
1,3104,9.01961,30.3
2,3108,100,2.2
3,3108,100,5.3
1,3116,9.01961,30.3
2,3117,100,2.2
3,3120,100,5.2
1,3130,9.01961,30.3
3,3130,100,5.3
2,3130,100,2.2
1,3137,9.01961,30.3
3,3137,100,5.2
2,3141,99.6078,2.2
3,3150,100,5.2
1,3150,9.01961,30.3
2,3154,100,2.2
3,3157,100,5.2
1,3162,9.01961,30.3
2,3162,100,2.2
3,3171,100,5.2
1,3171,9.01961,30.3
2,3176,100,2.2
3,3179,100,5.2
1,3183,9.01961,30.3
1,3195,9.01961,30.3
2,3195,100,2.2
3,3198,100,5.2
1,3202,9.01961,30.3
2,3208,100,2.2
3,3208,100,5.3
1,3215,9.01961,30.3
2,3219,100,2.2
3,3219,100,5.2
1,3227,9.01961,30.3
2,3227,100,2.2
3,3231,100,5.2
1,3235,9.01961,30.3
2,3239,100,2.2
3,3239,100,5.2
1,3249,9.01961,30.3
2,3252,100,2.2
3,3252,100,5.3
1,3260,9.01961,30.3
3,3260,100,5.3
2,3260,100,2.2
1,3269,9.01961,30.3
3,3274,100,5.2
2,3274,100,2.2
3,3281,100,5.2
1,3281,9.01961,30.3
2,3285,100,2.2
3,3288,100,5.3
1,3294,9.01961,30.3
2,3294,100,2.2
3,3301,100,5.2
1,3301,9.01961,30.3
2,3310,100,2.2
3,3310,100,5.3
1,3314,9.01961,30.1
2,3317,100,2.2
3,3322,100,5.2
1,3330,9.01961,30.3
2,3330,100,2.2
3,3330,100,5.3
1,3334,9.01961,30.3
2,3339,100,2.2
3,3343,100,5.2
1,3347,9.01961,30.3
2,3350,100,2.2
3,3350,100,5.2
1,3359,9.01961,30.3
2,3359,100,2.2
3,3363,100,5.2
1,3367,9.01961,30.3
2,3372,100,2.2
3,3374,100,5.3
1,3380,9.01961,30.1
2,3382,100,2.2
3,3383,100,5.2
1,3392,9.01961,30.3
3,3392,100,5.2
2,3392,100,2.2
3,3399,100,5.2
1,3399,9.01961,30.3
2,3404,99.6078,2.2
3,3411,100,5.3
1,3412,9.01961,30.3
2,3415,100,2.2
3,3420,100,5.2
1,3425,9.01961,30.5
2,3425,100,2.2
3,3432,100,5.2
1,3433,9.01961,30.3
2,3437,100,2.2
3,3441,100,5.2
1,3444,9.01961,30.3
2,3449,100,2.2
3,3453,100,5.3
1,3457,9.01961,30.3
2,3458,100,2.2
3,3461,100,5.2
1,3464,9.01961,30.5
2,3469,100,2.2
3,3474,100,5.2
1,3477,9.01961,30.3
2,3481,100,2.2
3,3482,100,5.2
1,3489,9.01961,30.3
2,3490,100,2.2
3,3492,100,5.2
1,3497,9.01961,30.3
2,3503,100,2.2
3,3503,100,5.2
1,3510,9.01961,30.3
2,3513,100,2.2
3,3514,100,5.3
1,3522,9.01961,30.3
3,3522,100,5.2
2,3523,100,2.2
1,3530,9.01961,30.3
3,3531,100,5.2
2,3534,100,2.2
3,3543,100,5.2
1,3544,9.01961,30.3
2,3547,100,2.2
3,3551,100,5.3
1,3555,9.01961,30.3
2,3556,100,2.2
3,3563,100,5.2
1,3564,9.01961,30.8
2,3566,100,2.1
3,3571,100,5.2
1,3574,9.01961,30.3
2,3580,100,2.2
3,3583,100,5.2
1,3587,9.01961,30.3
2,3588,100,2.1
3,3596,100,5.2
1,3597,9.01961,30.3
2,3599,100,2.2
3,3603,100,5.2
1,3608,9.01961,30.3
2,3611,100,2.2
3,3612,100,5.3
1,3621,9.01961,30.3
2,3624,100,2.2
3,3624,100,5.2
1,3633,9.01961,30.5
3,3634,100,5.2
2,3634,100,2.2
1,3641,9.01961,30.3
3,3642,100,5.2
2,3645,99.6078,2.2
1,3653,9.01961,30.3
3,3654,100,5.2
2,3656,99.6078,2.2
3,3661,100,5.2
1,3662,9.01961,30.3
2,3666,100,2.2
3,3673,100,5.3
1,3674,9.01961,30.3
2,3678,100,2.2
3,3681,100,5.2
1,3685,9.01961,30.3
2,3690,100,2.2
3,3694,100,5.2
1,3695,9.01961,30.3
2,3697,100,2.2
3,3701,100,5.2
1,3705,9.01961,30.3
2,3710,100,2.2
3,3714,100,5.2
1,3718,9.01961,30.5
2,3723,100,2.2
3,3724,100,5.2
1,3727,9.01961,30.3
2,3735,100,2.2
3,3736,100,5.2
1,3738,9.01961,30.3
2,3744,100,2.2
3,3744,100,5.2
1,3752,9.01961,30.1
2,3759,100,2.2
3,3759,100,5.3
1,3760,9.01961,30.3
3,3764,100,5.3
2,3765,100,2.2
1,3772,9.01961,31
3,3773,100,5.2
2,3775,100,2.2
1,3785,9.01961,30.3
3,3786,100,5.2
2,3791,99.6078,2.2
1,3791,9.01961,30.3
3,3797,100,5.2
2,3797,100,2.2
1,3804,9.01961,30.8
3,3805,100,5.2
2,3809,100,2.2
3,3817,100,5.3
1,3817,9.01961,30.3
2,3820,100,2.2
3,3824,100,5.3
1,3830,9.01961,30.3
2,3831,100,2.2
3,3838,100,5.2
1,3839,9.01961,30.5
2,3842,100,2.2
3,3846,100,5.3
1,3849,9.01961,30.3
2,3853,100,2.2
3,3857,100,5.2
1,3861,9.01961,30.3
2,3862,100,2.2
3,3866,100,5.3
1,3869,9.01961,30.8
2,3874,100,2.2
3,3875,100,5.2
1,3882,9.01961,30.3
2,3886,100,2.2
3,3886,100,5.2
1,3894,9.01961,30.3
2,3895,100,2.2
3,3899,100,5.2
1,3903,9.41177,30.3
2,3907,100,2.2
3,3907,100,5.3
1,3915,9.01961,31
2,3919,100,2.2
3,3919,100,5.4
1,3928,9.01961,30.8
3,3928,100,5.3
2,3928,100,2.2
1,3936,9.01961,30.5
3,3936,100,5.3
2,3940,100,2.2
1,3949,9.01961,30.5
3,3949,100,5.3
2,3953,100,2.2
3,3960,100,5.2
1,3960,9.01961,30.3
2,3961,100,2.2
3,3968,100,5.3
1,3968,9.01961,30.3
2,3972,100,2.2
3,3981,100,5.3
1,3981,9.01961,30.3
2,3986,100,2.2
3,3990,100,5.3
1,3993,9.01961,30.3
2,3994,100,2.2
3,3997,100,5.3
1,4001,9.01961,30.3
2,4005,100,2.2
3,4010,100,5.2
1,4013,9.01961,30.3
2,4017,100,2.2
3,4017,100,5.2
1,4026,9.01961,30.5
2,4026,100,2.2
3,4032,100,5.2
1,4034,9.01961,30.3
2,4039,100,2.2
3,4043,100,5.2
1,4046,9.01961,30.3
2,4051,100,2.2
3,4051,100,5.2
1,4059,9.01961,30.3
3,4060,100,5.2
2,4062,100,2.2
1,4067,9.01961,30.3
3,4071,100,5.3
2,4071,100,2.2
1,4080,9.01961,30.3
3,4080,100,5.3
2,4084,100,2.2
3,4091,100,5.3
1,4091,9.01961,30.3
2,4095,100,2.2
3,4099,100,5.2
1,4099,9.01961,30.3
2,4104,100,2.2
3,4108,100,5.2
1,4112,9.01961,30.3
2,4112,100,2.2
3,4120,100,5.2
1,4125,9.01961,30.1
2,4125,100,2.2
3,4128,100,5.2
1,4133,9.01961,30.3
2,4137,100,2.2
3,4140,100,5.3
1,4145,9.01961,30.3
2,4145,100,2.2
3,4148,100,5.2
1,4157,9.01961,30.3
2,4158,100,2.2
3,4161,100,5.2
1,4166,9.01961,30.3
2,4170,100,2.2
3,4170,100,5.2
1,4177,9.01961,30.3
2,4181,100,2.2
3,4181,100,5.3
1,4190,9.01961,30.3
2,4191,100,2.2
3,4196,100,5.3
1,4203,9.01961,30.3
3,4203,100,5.2
2,4203,100,2.2
3,4211,100,5.2
1,4211,9.01961,30.3
2,4216,100,2.1
3,4218,100,5.2
1,4223,9.01961,30.3
2,4224,100,2.2
3,4230,100,5.2
1,4230,9.01961,30.3
2,4236,100,2.2
3,4240,100,5.2
1,4244,9.01961,30.8
2,4248,100,2.2
3,4251,100,5.3
1,4256,9.01961,30.3
2,4257,100,2.2
3,4259,100,5.2
1,4264,9.01961,30.3
2,4268,100,2.2
3,4271,100,5.2
1,4276,9.01961,30.8
2,4281,100,2.2
3,4281,100,5.2
1,4289,9.01961,30.3
2,4289,100,2.2
3,4293,100,5.2
1,4298,9.01961,30.3
2,4301,100,2.2
3,4301,100,5.3
1,4309,9.01961,30.3
3,4309,100,5.3
2,4312,100,2.2
1,4322,9.01961,30.3
3,4322,100,5.2
2,4323,100,2.2
3,4331,100,5.2
1,4331,9.01961,30.5
2,4334,100,2.1
3,4342,100,5.2
1,4342,9.01961,30.3
2,4346,100,2.2
3,4349,100,5.3
1,4354,9.01961,30.8
2,4354,100,2.2
3,4361,100,5.2
1,4361,9.01961,30.3
2,4367,100,2.2
3,4371,100,5.3
1,4374,9.01961,30.3
2,4378,100,2.2
3,4384,100,5.2
1,4387,9.01961,30.3
2,4387,100,2.2
3,4390,100,5.2
1,4396,9.01961,30.8
2,4399,100,2.2
3,4399,100,5.2
1,4407,9.01961,30.3
2,4411,100,2.2
3,4411,100,5.2
1,4420,9.01961,30.3
2,4420,100,2.2
3,4422,100,5.2
1,4431,9.01961,30.3
2,4431,100,2.2
3,4431,100,5.3
1,4441,9.01961,30.3
3,4442,100,5.2
2,4445,100,2.2
3,4453,100,5.2
1,4453,9.01961,30.3
2,4453,100,2.2
3,4460,100,5.2
1,4461,9.01961,30.3
2,4466,99.6078,2.2
3,4473,100,5.2
1,4473,9.01961,30.5
2,4475,100,2.2
3,4480,100,5.2
1,4485,9.01961,30.3
2,4485,100,2.2
3,4494,100,5.2
1,4494,9.01961,30.3
2,4498,100,2.2
3,4501,100,5.2
1,4505,9.01961,30.3
2,4510,100,2.2
3,4510,100,5.2
1,4517,9.01961,30.5
2,4518,100,2.2
3,4521,100,5.2
1,4526,9.01961,30.5
2,4531,100,2.2
3,4535,100,5.2
1,4538,9.01961,30.3
2,4543,100,2.2
3,4543,100,5.2
1,4550,9.01961,30.3
2,4551,100,2.2
3,4554,100,5.2
1,4558,9.01961,30.3
3,4563,100,5.2
2,4564,100,2.2
1,4569,9.01961,30.3
3,4570,100,5.3
2,4576,100,2.2
3,4583,100,5.2
1,4584,9.01961,30.3
2,4587,100,2.2
3,4591,100,5.2
1,4595,9.01961,30.3
2,4596,100,2.2
3,4602,100,5.3
1,4603,9.01961,30.3
2,4608,100,2.2
3,4611,100,5.2
1,4616,9.01961,30.3
2,4619,100,2.2
3,4624,100,5.2
1,4628,9.01961,30.3
2,4629,100,2.2
3,4631,100,5.2
1,4635,9.01961,30.3
2,4640,100,2.2
3,4644,100,5.2
1,4648,9.01961,30.3
2,4653,100,2.2
3,4654,100,5.3
1,4660,9.01961,30.3
2,4661,100,2.2
3,4664,100,5.2
1,4669,9.01961,30.3
2,4674,100,2.2
3,4674,100,5.2
1,4681,9.01961,30.3
3,4682,100,5.3
2,4684,100,2.1
1,4694,9.01961,30.3
3,4695,100,5.3
2,4695,99.6078,2.2
1,4702,9.01961,30.3
3,4703,100,5.2
2,4705,100,2.2
3,4713,100,5.2
1,4713,9.01961,30.3
2,4718,100,2.2
3,4722,100,5.2
1,4725,9.01961,30.3
2,4726,100,2.2
3,4733,100,5.2
1,4734,9.01961,30.3
2,4739,100,2.2
3,4744,100,5.2
1,4751,9.01961,30.3
2,4752,100,2.2
3,4752,100,5.2
1,4759,9.01961,30.1
2,4760,100,2.2
3,4763,100,5.2
1,4766,9.01961,30.5
2,4771,100,2.2
3,4776,100,5.2
1,4780,9.01961,30.3
2,4784,100,2.2
3,4784,100,5.2
1,4792,9.01961,30.3
2,4793,100,2.2
3,4796,100,5.2
1,4800,9.01961,30.3
3,4804,100,5.3
2,4804,100,2.2
1,4811,9.01961,30.3
3,4812,100,5.2
2,4817,100,2.2
1,4824,9.01961,30.3
3,4825,100,5.2
2,4832,99.6078,2.2
3,4832,100,5.2
1,4833,9.01961,30.1
2,4836,100,2.2
3,4845,100,5.2
1,4846,9.01961,30.3
2,4849,100,2.2
3,4853,100,5.2
1,4858,9.01961,30.3
2,4862,100,2.2
3,4866,100,5.2
1,4866,9.01961,30.3
2,4869,100,2.2
3,4873,100,5.2
1,4878,9.01961,30.3
2,4881,100,2.2
3,4882,100,5.2
1,4890,9.01961,30.3
2,4891,100,2.2
3,4894,100,5.2
1,4898,9.01961,30.3
2,4902,100,2.2
3,4909,100,5.2
1,4912,9.01961,30.3
2,4915,100,2.2
3,4915,100,5.2
1,4923,9.01961,30.3
2,4924,100,2.2
3,4927,100,5.3
1,4931,9.01961,30.3
2,4935,100,2.2
3,4936,100,5.2
1,4944,9.01961,30.3
3,4945,100,5.2
2,4948,100,2.2
3,4956,100,5.2
1,4957,9.01961,30.3
2,4957,99.6078,2.2
3,4964,100,5.3
1,4965,9.01961,30.3
2,4967,100,2.2
3,4972,100,5.2
1,4976,9.01961,30.3
2,4981,100,2.2
3,4985,100,5.2
1,4988,9.01961,30.3
2,4989,100,2.2
3,4992,100,5.2
1,4997,9.01961,30.3
2,5001,100,2.2
3,5006,100,5.2
1,5009,9.01961,30.8
2,5014,100,2.2
3,5014,100,5.2
1,5020,9.01961,30.3
2,5021,100,2.2
3,5025,100,5.3
1,5029,9.01961,30.3
2,5033,100,2.2
3,5034,100,5.3
1,5041,9.01961,30.3
2,5046,100,2.2
3,5047,100,5.3
1,5054,9.01961,30.3
3,5055,100,5.2
2,5055,100,2.2
1,5061,9.01961,30.3
3,5065,100,5.2
2,5065,100,2.2
3,5075,100,5.2
1,5076,9.01961,30.5
2,5080,100,2.2
3,5083,100,5.3
1,5087,9.01961,30.3
2,5088,100,2.2
3,5095,100,5.2
1,5096,9.01961,30.5
2,5099,100,2.2
3,5103,100,5.2
1,5107,9.01961,30.8
2,5111,100,2.2
3,5115,100,5.3
1,5120,9.01961,30.3
2,5121,100,2.2
3,5124,100,5.3
1,5127,9.01961,30.3
2,5131,100,2.2
3,5136,100,5.2
1,5140,9.01961,30.3
2,5144,100,2.2
3,5145,100,5.2
1,5151,9.01961,30.3
2,5156,100,2.2
3,5156,100,5.2
1,5164,9.01961,30.3
2,5166,100,2.2
3,5169,100,5.3
1,5173,9.01961,30.3
3,5178,100,5.3
2,5178,100,2.2
1,5185,9.01961,30.3
3,5186,100,5.2
2,5189,99.6078,2.2
3,5192,100,5.2
1,5193,9.01961,30.3
2,5197,100,2.2
3,5205,100,5.2
1,5205,9.01961,30.3
2,5209,100,2.2
3,5218,100,5.2
1,5218,9.01961,30.5
2,5221,100,2.2
3,5226,100,5.2
1,5226,9.01961,30.5
2,5230,100,2.2
3,5234,100,5.2
1,5237,9.01961,30.3
2,5243,100,2.2
3,5247,100,5.2
1,5250,9.01961,30.3
2,5255,100,2.2
3,5255,100,5.3
1,5259,9.01961,30.5
2,5263,100,2.2
3,5267,100,5.2
1,5272,9.01961,30.3
2,5276,100,2.2
3,5277,100,5.3
1,5283,9.01961,30.3
2,5286,100,2.2
3,5286,100,5.2
1,5291,9.01961,30.1
2,5295,100,2.1
3,5300,100,5.2
1,5303,9.01961,30.3
3,5308,100,5.3
2,5308,100,2.2
1,5317,9.01961,30.3
3,5317,100,5.2
2,5321,100,2.2
1,5324,9.41177,30.1
3,5324,100,5.2
2,5328,100,2.2
3,5337,100,5.4
1,5337,9.41177,31
2,5341,100,2.2
3,5345,100,5.4
1,5349,9.41177,31.4
2,5354,100,2.2
3,5358,100,5.4
1,5358,9.41177,31.6
2,5362,100,2.2
3,5366,100,5.5
1,5370,9.41177,31.6
2,5373,100,2.2
3,5377,100,5.5
1,5382,9.41177,31.8
2,5386,100,2.2
3,5392,100,5.5
1,5392,9.41177,31.8
2,5394,100,2.2
3,5399,100,5.5
1,5402,9.41177,31.8
2,5406,100,2.2
3,5406,100,5.5
1,5415,9.41177,31.8
2,5418,100,2.3
3,5418,100,5.5
1,5422,9.01961,32.5
2,5427,100,2.2
3,5432,100,5.5
1,5436,9.01961,31.2
2,5439,100,2.2
3,5439,100,5.4
1,5448,9.01961,30.8
2,5448,100,2.2
3,5452,100,5.4
1,5456,9.01961,30.5
3,5460,100,5.3
2,5460,100,2.2
1,5468,9.01961,30.5
3,5468,100,5.4
2,5473,100,2.2
1,5480,9.01961,30.3
3,5480,100,5.3
2,5481,100,2.2
1,5488,9.01961,30.5
3,5488,100,5.3
2,5493,100,2.2
3,5501,100,5.3
1,5501,9.01961,30.3
2,5505,100,2.2
3,5509,100,5.3
1,5514,9.01961,30.3
2,5514,100,2.2
3,5522,100,5.3
1,5522,9.01961,30.3
2,5526,100,2.2
3,5530,100,5.3
1,5534,9.01961,30.3
2,5537,100,2.2
3,5541,100,5.2
1,5545,9.01961,30.3
2,5545,100,2.2
3,5549,100,5.2
1,5554,9.41177,30.3
2,5559,100,2.2
3,5563,100,5.3
1,5566,9.41177,31
2,5570,100,2.2
3,5570,100,5.4
1,5579,9.41177,31.4
2,5580,100,2.2
3,5584,100,5.4
1,5587,9.01961,32
2,5590,100,2.2
3,5594,100,5.4
1,5599,9.01961,31.2
3,5604,100,5.4
2,5604,100,2.2
1,5611,9.01961,30.5
3,5611,100,5.3
2,5616,99.6078,2.2
1,5619,9.01961,30.5
3,5624,100,5.3
2,5624,100,2.2
3,5632,100,5.3
1,5632,9.01961,30.5
2,5640,100,2.2
3,5640,100,5.3
1,5645,9.01961,30.5
2,5651,100,2.2
3,5652,100,5.3
1,5652,9.01961,30.8
2,5657,100,2.2
3,5661,100,5.3
1,5665,9.01961,30.5
2,5668,100,2.2
3,5672,100,5.3
1,5676,9.01961,30.8
2,5680,100,2.2
3,5681,100,5.2
1,5684,9.01961,30.3
2,5689,100,2.2
3,5693,100,5.2
1,5698,9.01961,30.3
2,5702,100,2.2
3,5702,100,5.3
1,5708,9.01961,30.3
2,5709,100,2.2
3,5713,100,5.3
1,5718,9.01961,30.3
2,5721,100,2.2
3,5726,100,5.3
1,5730,9.01961,30.3
3,5730,100,5.2
2,5735,100,2.2
1,5742,9.01961,30.3
3,5742,100,5.2
2,5747,100,2.2
3,5750,100,5.3
1,5751,9.01961,30.3
2,5754,100,2.2
3,5761,100,5.2
1,5762,9.01961,30.3
2,5768,100,2.2
3,5771,100,5.3
1,5774,9.01961,30.8
2,5779,100,2.2
3,5783,100,5.2
1,5783,9.01961,30.5
2,5786,100,2.2
3,5790,100,5.3
1,5795,9.01961,30.3
2,5799,100,2.1
3,5803,100,5.3
1,5808,9.01961,30.3
2,5811,100,2.2
3,5812,100,5.2
1,5816,9.01961,30.3
2,5820,100,2.2
3,5825,100,5.2
1,5828,9.01961,30.3
2,5835,100,2.2
3,5836,100,5.2
1,5840,9.01961,30.5
2,5843,100,2.2
3,5844,100,5.2
1,5849,9.01961,30.3
2,5853,100,2.2
3,5857,100,5.3
1,5861,9.01961,30.5
3,5865,100,5.3
2,5866,100,2.2
1,5872,9.01961,30.3
3,5873,100,5.3
2,5877,100,2.2
3,5881,100,5.2
1,5882,9.01961,30.3
2,5884,100,2.2
3,5894,100,5.3
1,5894,9.01961,30.5
2,5898,100,2.2
3,5902,100,5.2
1,5905,9.01961,30.3
2,5910,100,2.2
3,5914,100,5.2
1,5918,9.01961,30.3
2,5919,100,2.2
3,5922,100,5.2
1,5926,9.01961,30.5
2,5932,100,2.2
3,5936,100,5.2
1,5938,9.01961,30.3
2,5943,100,2.2
3,5944,100,5.2
1,5951,9.01961,30.3
2,5952,100,2.2
3,5955,100,5.2
1,5958,9.01961,30.3
2,5963,100,2.2
3,5967,100,5.2
1,5971,9.01961,30.3
2,5975,100,2.2
3,5975,100,5.2
1,5984,9.01961,30.3
3,5985,100,5.2
2,5991,100,2.2
1,5991,9.01961,30.5
3,5996,100,5.2
2,5997,100,2.2
1,6004,9.01961,30.3
3,6005,100,5.2
2,6008,100,2.2
1,6017,9.01961,30.3
3,6017,100,5.2
2,6020,100,2.2
3,6024,100,5.3
1,6024,9.01961,30.3
2,6029,100,2.2
3,6034,100,5.3
1,6036,9.01961,30.3
2,6042,100,2.2
3,6046,100,5.3
1,6046,9.01961,30.3
2,6053,100,2.2
3,6053,100,5.2
1,6058,9.01961,30.3
2,6061,100,2.2
3,6065,100,5.3
1,6069,9.01961,30.3
2,6074,100,2.2
3,6074,100,5.2
1,6078,9.41177,30.3
2,6087,100,2.2
3,6087,100,5.3
1,6090,9.41177,31
2,6095,100,2.2
3,6099,100,5.4
1,6102,9.41177,31.4
3,6107,100,5.4
2,6107,100,2.2
1,6111,9.41177,31.6
3,6115,100,5.5
2,6119,99.6078,2.3
1,6123,9.41177,31.8
3,6127,100,5.5
2,6127,100,2.3
1,6136,9.41177,31.6
3,6137,100,5.5
2,6140,100,2.2
1,6148,9.41177,31.6
3,6149,100,5.5
2,6152,100,2.3
3,6156,100,5.5
1,6156,9.41177,31.8
2,6160,100,2.3
3,6167,100,5.5
1,6167,9.41177,31.8
2,6173,100,2.2
3,6180,100,5.5
1,6180,9.41177,32
2,6185,100,2.2
3,6189,100,5.5
1,6189,9.41177,31.8
2,6193,100,2.3
3,6197,100,5.5
1,6200,9.41177,32
2,6206,100,2.2
3,6210,100,5.5
1,6214,9.41177,32
2,6218,100,2.3
3,6222,100,5.5
1,6222,9.41177,32
2,6226,100,2.2
3,6229,100,5.5
1,6233,9.41177,32.2
2,6238,100,2.2
3,6246,100,5.5
1,6246,9.41177,31.8
2,6249,100,2.3
3,6250,100,5.5
1,6255,9.41177,31.8
2,6262,100,2.2
3,6262,100,5.5
1,6267,9.41177,31.8
2,6270,100,2.2
3,6271,100,5.5
1,6278,9.41177,32
2,6282,100,2.2
3,6282,100,5.5
1,6287,9.41177,31.8
2,6291,100,2.2
3,6295,100,5.5
1,6300,9.41177,31.8
2,6303,100,2.2
3,6303,100,5.5
1,6311,9.41177,31.8
3,6311,100,5.5
2,6316,100,2.3
1,6320,9.41177,31.8
3,6324,100,5.5
2,6324,100,2.3
1,6333,9.41177,31.8
3,6333,100,5.5
2,6340,100,2.3
1,6345,9.41177,31.8
3,6345,100,5.5
2,6345,100,2.3
1,6353,9.41177,31.8
3,6357,100,5.5
2,6357,100,2.2
3,6365,100,5.5
1,6365,9.41177,32
2,6373,100,2.2
3,6373,100,5.5
1,6378,9.41177,31.8
2,6378,100,2.2
3,6386,100,5.5
1,6386,9.01961,32.5
2,6389,100,2.2
3,6394,100,5.4
1,6397,9.41177,31.4
2,6403,100,2.2
3,6406,100,5.4
1,6409,9.41177,31.4
2,6409,100,2.2
3,6414,100,5.5
1,6419,9.41177,31.8
2,6423,100,2.2
3,6427,100,5.5
1,6430,9.41177,31.8
2,6435,100,2.2
3,6435,100,5.5
1,6443,9.41177,31.8
2,6443,100,2.3
3,6447,100,5.5
1,6455,9.41177,31.8
2,6455,100,2.2
3,6458,100,5.5
1,6463,9.41177,31.8
2,6468,100,2.2
3,6468,100,5.5
1,6475,9.41177,31.8
2,6475,100,2.3
3,6480,100,5.5
1,6487,9.41177,32
2,6487,100,2.3
3,6492,100,5.5
1,6496,9.41177,32
3,6496,100,5.5
2,6500,100,2.3
1,6509,9.41177,31.8
3,6509,100,5.5
2,6513,99.6078,2.3
3,6521,100,5.5
1,6521,9.41177,31.8
2,6521,100,2.2
1,6528,9.41177,31.8
3,6528,100,5.5
2,6532,100,2.3
1,6542,9.01961,32.2
3,6542,100,5.5
2,6545,100,2.2
3,6549,100,5.4
1,6549,9.01961,31.2
2,6553,100,2.2
3,6562,100,5.4
1,6562,9.01961,30.8
2,6565,100,2.2
3,6570,100,5.4
1,6573,9.01961,30.5
2,6578,100,2.2
3,6582,100,5.3
1,6582,9.01961,30.5
2,6587,100,2.2
3,6592,100,5.3
1,6594,9.01961,30.5
2,6599,100,2.2
3,6599,100,5.3
1,6607,9.01961,30.8
2,6610,100,2.2
3,6610,100,5.3
1,6613,9.01961,30.3
2,6618,100,2.2
3,6626,100,5.3
1,6627,9.01961,30.3
2,6631,100,2.2
3,6631,100,5.2
1,6639,9.01961,30.3
2,6643,100,2.2
3,6644,100,5.2
1,6647,9.01961,30.3
3,6652,100,5.3
2,6652,100,2.2
1,6659,9.01961,30.3
3,6660,100,5.2
2,6664,100,2.2
1,6672,9.01961,30.3
3,6673,100,5.3
2,6678,100,2.2
3,6680,100,5.3
1,6681,9.01961,30.3
2,6685,100,2.2
3,6692,100,5.3
1,6692,9.01961,30.3
2,6697,100,2.2
3,6701,100,5.2
1,6705,9.01961,30.5
2,6706,100,2.2
3,6712,100,5.2
2,6717,100,2.2
3,6725,100,5.2
1,6726,9.01961,30.3
2,6729,100,2.2
3,6733,100,5.2
1,6737,9.01961,30.3
2,6741,100,2.1
3,6742,100,5.3
1,6750,9.01961,30.3
2,6751,100,2.2
3,6754,100,5.2
1,6758,9.01961,30.3
2,6762,100,2.2
3,6763,100,5.2
1,6771,9.01961,30.3
2,6771,100,2.2
3,6775,100,5.3
1,6783,9.01961,30.3
2,6783,100,2.2
3,6787,100,5.2
1,6791,9.01961,30.8
2,6793,100,2.2
3,6794,100,5.2
1,6803,9.01961,30.3
2,6804,100,2.2
3,6807,100,5.3
2,6816,100,2.1
3,6821,100,5.3
1,6821,9.01961,30.8
2,6830,99.2157,2.2
3,6831,100,5.2
1,6831,26.2745,30.3
2,6836,99.2157,4
3,6840,99.6078,7.8
1,6841,25.8824,62.2
3,6844,99.6078,11.6
2,6849,99.6078,5.6
1,6852,25.8824,83.8
3,6856,99.6078,13.9
2,6861,99.6078,6.4
1,6862,26.2745,90.9
3,6863,99.6078,15.1
2,6869,99.6078,6.9
1,6876,25.8824,95.5
3,6877,100,15.9
2,6882,99.6078,7
1,6886,25.8824,96.7
3,6887,100,16.3
2,6893,99.6078,7.1
1,6894,25.8824,98.5
3,6896,100,16.6
2,6901,99.6078,7.2
1,6906,25.8824,98.5
3,6907,99.6078,16.9
2,6913,99.6078,7.2
1,6918,25.8824,99.8
3,6919,99.6078,17
2,6926,100,7.2
1,6926,25.8824,99.1
3,6931,99.6078,17.1
2,6935,100,7.2
1,6942,25.8824,99.8
3,6943,99.6078,17.2
2,6945,100,7.3
1,6946,25.8824,99.8
3,6953,99.6078,17.2
2,6954,100,7.3
1,6957,25.8824,99.8
3,6958,99.6078,17.3
2,6967,100,7.3
1,6970,25.8824,100.4
3,6971,99.6078,17.3
2,6978,100,7.3
3,6978,99.6078,17.3
1,6979,25.8824,101
2,6987,100,7.3
3,6991,99.6078,17.4
1,6991,25.8824,101
2,6999,99.6078,7.4
3,6999,99.6078,17.4
1,6999,25.8824,100.4
2,7008,100,7.3
3,7012,99.6078,17.4
1,7012,25.8824,101.6
2,7019,99.6078,7.4
3,7024,99.6078,17.4
1,7024,25.8824,100.4
2,7028,100,7.3
3,7031,100,17.4
1,7031,25.8824,101
2,7040,100,7.4
3,7041,99.6078,17.5
1,7045,25.8824,101.6
2,7053,100,7.3
3,7054,99.6078,17.5
1,7054,25.8824,102.3
2,7060,100,7.4
3,7065,99.6078,17.5
1,7066,26.2745,101
2,7073,100,7.4
3,7074,100,17.6
1,7074,25.8824,102.9
2,7082,100,7.4
3,7085,99.6078,17.7
1,7086,25.8824,102.9
2,7095,99.6078,7.5
3,7098,99.6078,17.6
1,7099,25.8824,102.3
2,7106,100,7.4
3,7107,99.6078,17.6
1,7107,25.8824,102.3
2,7115,100,7.4
3,7120,99.6078,17.6
1,7121,25.8824,100.4
3,7127,100,17.6
2,7127,100,7.4
1,7131,25.8824,101
3,7139,100,17.6
2,7139,100,7.4
1,7139,25.8824,101.6
3,7146,99.6078,17.6
2,7146,100,7.4
1,7151,25.8824,101
3,7159,99.6078,17.6
2,7159,100,7.4
1,7163,25.8824,101
3,7167,99.6078,17.7
2,7173,100,7.4
1,7173,25.8824,101
3,7176,99.6078,17.6
2,7180,100,7.4
1,7183,25.8824,101
3,7188,100,17.6
2,7193,100,7.4
1,7193,25.8824,101
3,7197,99.6078,17.7
2,7200,100,7.4
1,7203,25.8824,101
3,7208,99.6078,17.7
2,7212,100,7.4
1,7216,25.8824,102.3
3,7216,99.6078,17.7
2,7225,100,7.4
1,7225,25.8824,101.6
3,7229,100,17.6
2,7233,100,7.4
3,7238,99.6078,17.6
1,7238,25.8824,101
2,7246,100,7.4
3,7250,99.6078,17.7
1,7250,25.8824,102.3
2,7262,100,7.4
3,7262,99.6078,17.7
1,7262,25.8824,101.6
2,7266,100,7.4
3,7266,99.6078,17.7
1,7274,25.8824,101.6
2,7274,100,7.4
3,7279,99.6078,17.7
1,7284,25.8824,101.6
2,7291,100,7.4
3,7291,99.6078,17.7
1,7298,25.8824,101.6
2,7298,99.6078,7.5
3,7299,99.6078,17.7
1,7304,25.8824,101
2,7308,100,7.4
3,7311,99.6078,17.7
1,7315,25.8824,102.3
2,7320,100,7.4
3,7320,99.6078,17.7
1,7328,25.8824,101.6
2,7328,100,7.4
3,7332,99.6078,17.7
1,7335,25.8824,101
2,7340,100,7.4
3,7348,99.6078,17.7
1,7348,25.8824,102.3
2,7348,99.6078,7.5
3,7352,99.6078,17.7
1,7357,25.8824,101
2,7361,100,7.4
3,7365,99.6078,17.7
1,7369,25.8824,101
2,7372,100,7.4
3,7373,99.6078,17.7
1,7380,25.8824,101
2,7381,99.6078,7.5
3,7385,99.6078,17.7
1,7392,25.8824,101.6
2,7393,100,7.4
3,7393,100,17.7
1,7402,25.8824,101
2,7406,100,7.4
3,7406,99.6078,17.8
1,7412,25.8824,102.3
2,7413,100,7.4
3,7418,99.6078,17.8
1,7421,25.8824,102.3
2,7424,100,7.4
3,7425,100,17.8
1,7434,25.8824,101
3,7435,99.6078,17.8
2,7438,100,7.4
1,7446,25.4902,104.2
3,7447,100,17.7
2,7447,99.6078,7.5
3,7454,99.6078,17.6
1,7454,25.8824,100.4
2,7458,100,7.3
3,7466,99.6078,17.7
1,7467,25.8824,101
2,7470,100,7.4
3,7476,99.6078,17.7
1,7479,25.8824,102.3
2,7480,100,7.4
3,7487,99.6078,17.8
1,7488,25.4902,103.6
2,7492,100,7.4
3,7495,99.6078,17.7
1,7499,25.8824,100.4
2,7500,100,7.4
3,7506,99.6078,17.7
1,7511,25.8824,101.6
2,7512,100,7.4
3,7515,99.6078,17.7
1,7520,25.8824,102.3
2,7525,100,7.4
3,7528,99.6078,17.7
1,7531,25.8824,102.3
2,7532,100,7.4
3,7537,99.6078,17.8
1,7544,25.8824,102.3
2,7545,100,7.5
3,7552,99.6078,17.8
1,7553,25.8824,101
2,7556,100,7.4
3,7559,100,17.7
1,7564,25.8824,101
2,7565,100,7.4
3,7569,100,17.7
1,7576,25.8824,101.6
2,7577,100,7.5
3,7581,99.6078,17.8
1,7585,25.8824,101.6
2,7592,100,7.4
3,7593,100,17.8
1,7598,25.8824,101
2,7599,100,7.5
3,7602,100,17.7
1,7606,25.8824,101.6
2,7610,100,7.4
3,7610,100,17.8
1,7618,25.8824,101
2,7619,100,7.4
3,7622,100,17.8
1,7631,25.8824,101
2,7631,100,7.4
3,7633,99.6078,17.8
1,7639,25.8824,102.3
2,7642,100,7.5
3,7642,99.6078,17.8
1,7651,25.8824,101.6
2,7651,100,7.4
3,7655,99.6078,17.8
1,7663,25.098,102.3
3,7663,99.6078,17.8
2,7664,100,7.4
1,7671,25.4902,100.4
3,7672,99.6078,17.5
2,7676,100,7.3
3,7684,99.6078,17.5
1,7684,25.4902,99.8
2,7685,100,7.4
3,7692,99.6078,17.5
1,7695,25.4902,99.8
2,7695,100,7.3
3,7704,99.6078,17.5
1,7704,25.4902,101
2,7707,100,7.4
3,7712,99.6078,17.5
1,7716,25.4902,100.4
2,7716,100,7.3
3,7725,99.6078,17.5
1,7725,25.4902,99.8
2,7729,99.6078,7.3
3,7737,99.6078,17.5
1,7738,25.4902,99.8
2,7740,99.6078,7.4
3,7745,99.6078,17.5
1,7749,25.4902,99.8
2,7750,100,7.3
3,7753,99.6078,17.5
1,7757,25.4902,101.6
2,7761,100,7.3
3,7765,99.6078,17.5
1,7769,25.4902,99.8
2,7770,100,7.3
3,7773,99.6078,17.5
1,7781,25.4902,99.1
2,7781,100,7.3
3,7785,99.6078,17.5
1,7790,25.4902,101
2,7795,100,7.3
3,7795,99.6078,17.5
1,7802,25.4902,99.8
2,7803,100,7.4
3,7807,99.6078,17.5
1,7815,25.4902,99.8
2,7816,100,7.3
3,7816,99.6078,17.5
1,7822,25.4902,99.8
2,7826,100,7.3
3,7826,100,17.5
1,7835,25.4902,99.8
2,7835,100,7.3
3,7838,99.6078,17.5
1,7847,25.4902,99.8
3,7847,99.6078,17.6
2,7847,100,7.3
1,7855,25.4902,99.1
3,7856,99.6078,17.5
2,7860,99.6078,7.4
3,7868,99.6078,17.5
1,7868,25.4902,99.8
2,7868,100,7.3
3,7876,99.6078,17.5
1,7880,25.4902,99.8
2,7880,100,7.3
3,7888,99.6078,17.6
1,7889,25.4902,99.8
2,7892,100,7.4
3,7896,99.6078,17.5
1,7901,25.4902,100.4
2,7901,100,7.4
3,7909,99.6078,17.6
1,7909,25.4902,99.8
2,7913,100,7.3
3,7917,99.6078,17.5
1,7920,25.4902,99.8
2,7921,100,7.3
3,7929,99.6078,17.5
1,7934,25.4902,99.8
2,7934,100,7.3
3,7942,99.6078,17.5
1,7942,25.4902,99.8
2,7946,100,7.3
3,7949,99.6078,17.5
1,7954,25.4902,100.4
2,7955,100,7.3
3,7962,99.6078,17.6
1,7965,25.4902,99.8
2,7965,100,7.3
3,7970,99.6078,17.5
1,7975,25.4902,99.8
2,7978,100,7.3
3,7983,100,17.5
1,7987,25.4902,99.8
2,7988,100,7.4
3,7991,100,17.5
1,8000,25.4902,101
2,8000,100,7.3
3,8004,99.6078,17.5
1,8012,25.4902,101
2,8012,100,7.3
3,8012,100,17.5
1,8020,25.4902,99.8
2,8020,100,7.3
3,8025,99.6078,17.6
1,8032,25.4902,99.8
2,8032,100,7.3
3,8035,99.6078,17.5
1,8040,25.4902,99.8
2,8044,100,7.3
3,8044,99.6078,17.6
1,8052,25.4902,99.8
2,8053,100,7.3
3,8057,99.6078,17.6
1,8065,25.4902,101
2,8065,100,7.4
3,8069,99.6078,17.6
1,8072,25.4902,99.8
2,8076,100,7.3
3,8077,99.6078,17.5
1,8085,25.4902,99.8
3,8085,99.6078,17.5
2,8085,100,7.4
3,8092,100,17.5
1,8098,25.4902,99.8
2,8098,100,7.3
3,8106,99.6078,17.6
1,8106,25.4902,99.8
2,8109,99.6078,7.4
3,8115,99.6078,17.5
1,8117,25.4902,99.8
2,8117,99.6078,7.3
3,8126,99.6078,17.5
1,8126,25.4902,100.4
2,8130,100,7.3
3,8134,99.6078,17.5
1,8138,25.4902,100.4
2,8143,100,7.3
3,8147,99.6078,17.6
1,8150,25.4902,99.8
2,8150,100,7.3
3,8158,99.6078,17.5
1,8159,25.4902,99.8
2,8162,100,7.3
3,8167,100,17.5
1,8171,25.4902,99.8
2,8180,100,7.3
3,8180,99.6078,17.5
1,8184,25.4902,100.4
2,8184,99.6078,7.4
3,8187,99.6078,17.5
1,8192,25.4902,100.4
2,8195,100,7.3
3,8200,100,17.5
1,8203,25.4902,99.8
2,8208,99.6078,7.4
3,8208,99.6078,17.6
1,8216,25.4902,99.1
2,8216,100,7.3
3,8220,99.6078,17.5
1,8224,25.4902,99.8
2,8229,100,7.3
3,8233,99.6078,17.6
1,8237,25.4902,100.4
2,8240,99.6078,7.4
3,8240,99.6078,17.6
1,8248,25.4902,101
2,8248,100,7.3
3,8253,99.6078,17.6
1,8257,25.4902,100.4
3,8261,99.6078,17.5
2,8261,100,7.3
1,8269,25.4902,99.8
3,8269,99.6078,17.5
2,8274,100,7.4
3,8282,99.6078,17.5
2,8282,100,7.3
1,8290,25.4902,99.8
3,8293,99.6078,17.5
2,8293,100,7.3
1,8302,25.4902,100.4
3,8302,99.6078,17.5
2,8305,100,7.3
3,8314,99.6078,17.5
1,8314,25.4902,101
2,8314,100,7.3
3,8322,99.6078,17.5
1,8322,25.4902,99.8
2,8327,100,7.3
3,8334,99.6078,17.5
1,8334,25.4902,99.1
2,8335,100,7.3
3,8342,99.6078,17.5
1,8348,25.4902,101.6
2,8348,100,7.3
3,8356,99.6078,17.5
1,8356,25.4902,99.1
2,8360,100,7.3
3,8368,99.6078,17.5
1,8368,25.4902,101
2,8368,100,7.3
3,8376,99.6078,17.5
1,8380,25.4902,99.1
2,8380,100,7.3
3,8383,99.6078,17.6
1,8388,25.4902,99.8
2,8393,100,7.3
3,8397,99.6078,17.5
1,8401,25.4902,100.4
2,8404,100,7.3
3,8404,99.6078,17.5
1,8413,25.4902,99.8
2,8413,100,7.3
3,8417,99.6078,17.5
1,8421,25.4902,99.8
2,8425,100,7.3
3,8425,99.6078,17.6
1,8434,25.4902,99.8
2,8438,100,7.3
3,8438,99.6078,17.5
1,8445,25.4902,99.1
2,8445,100,7.3
3,8450,99.6078,17.6
1,8453,25.4902,99.8
2,8457,100,7.3
3,8458,99.6078,17.5
1,8465,25.4902,99.8
2,8469,100,7.4
3,8469,99.6078,17.6
1,8479,25.4902,99.8
3,8479,100,17.5
2,8479,100,7.3
3,8487,99.6078,17.6
1,8487,25.4902,99.8
2,8490,100,7.3
3,8499,100,17.5
1,8499,25.4902,99.8
2,8499,100,7.3
3,8507,99.6078,17.6
1,8511,25.4902,101
2,8511,100,7.4
3,8519,100,17.5
1,8519,25.4902,101
2,8523,100,7.3
3,8528,99.6078,17.6
1,8531,25.4902,99.8
2,8531,100,7.3
3,8540,100,17.5
1,8544,25.4902,99.8
2,8544,100,7.3
3,8548,100,17.5
1,8551,25.4902,99.8
2,8557,100,7.4
3,8561,99.6078,17.5
1,8564,25.4902,99.8
2,8564,100,7.4
3,8569,99.6078,17.6
1,8573,25.4902,101
2,8577,100,7.3
3,8581,99.6078,17.5
1,8585,25.4902,99.8
2,8588,100,7.3
3,8588,100,17.5
1,8598,25.4902,99.8
2,8598,100,7.3
3,8601,99.6078,17.5
1,8610,25.4902,101
2,8610,100,7.3
3,8613,99.6078,17.5
1,8617,25.4902,100.4
2,8622,100,7.3
3,8622,99.6078,17.5
1,8629,25.4902,99.8
2,8634,100,7.3
3,8634,100,17.5
1,8642,25.4902,99.8
2,8642,100,7.4
3,8646,100,17.5
1,8650,25.4902,99.8
3,8654,99.6078,17.5
2,8655,100,7.3
1,8663,25.4902,99.8
3,8663,99.6078,17.6
2,8666,100,7.3
1,8671,25.4902,100.4
3,8676,100,17.5
2,8676,100,7.3
1,8683,25.4902,99.8
3,8684,99.6078,17.6
2,8688,100,7.3
3,8692,99.6078,17.5
1,8695,25.4902,99.8
2,8698,100,7.3
3,8703,100,17.5
1,8704,25.4902,99.8
2,8707,100,7.3
3,8715,99.6078,17.5
1,8716,25.4902,99.1
2,8718,100,7.3
3,8722,100,17.5
1,8728,25.4902,100.4
2,8729,100,7.3
3,8732,99.6078,17.6
1,8740,25.8824,99.1
2,8741,100,7.3
3,8744,99.6078,17.6
1,8748,25.4902,100.4
2,8751,100,7.4
3,8756,100,17.6
1,8764,25.4902,100.4
2,8765,100,7.4
3,8765,99.6078,17.6
1,8772,25.4902,99.8
2,8773,100,7.4
3,8778,100,17.5
1,8781,25.4902,100.4
2,8785,100,7.3
3,8786,99.6078,17.6
1,8793,25.4902,99.8
2,8794,100,7.3
3,8798,99.6078,17.6
1,8806,25.4902,99.8
2,8807,100,7.3
3,8807,99.6078,17.6
1,8815,25.4902,99.8
2,8818,100,7.3
3,8818,99.6078,17.6
1,8826,25.4902,99.8
3,8827,99.6078,17.6
2,8828,100,7.3
1,8838,25.4902,101
3,8839,99.6078,17.5
2,8839,100,7.3
1,8846,25.4902,99.8
3,8847,99.6078,17.6
2,8850,99.6078,7.3
1,8858,25.4902,101
3,8859,99.6078,17.5
2,8859,99.6078,7.4
3,8867,99.6078,17.5
1,8868,25.4902,99.8
2,8871,100,7.3
3,8878,99.6078,17.6
1,8879,25.4902,99.8
2,8884,100,7.3
3,8888,100,17.5
1,8892,25.4902,99.8
2,8893,100,7.4
3,8896,99.6078,17.6
1,8899,25.4902,99.1
2,8904,99.6078,7.4
3,8907,100,17.5
1,8911,25.4902,99.8
2,8916,100,7.3
3,8917,99.6078,17.5
1,8919,25.4902,100.4
2,8925,100,7.3
3,8928,100,17.5
1,8933,25.4902,99.8
2,8937,100,7.3
3,8937,100,17.5
1,8941,25.4902,99.8
2,8944,99.6078,7.4
3,8948,99.6078,17.6
1,8953,25.4902,99.8
2,8957,100,7.3
3,8960,99.6078,17.5
1,8964,25.4902,99.8
2,8969,100,7.3
3,8969,100,17.5
1,8974,25.4902,99.8
2,8978,99.6078,7.4
3,8982,99.6078,17.5
1,8986,25.4902,99.8
2,8990,100,7.3
3,8998,99.6078,17.6
1,8998,25.4902,99.8
3,8999,99.6078,17.6
2,9001,100,7.3
1,9012,25.4902,99.8
3,9012,99.6078,17.6
2,9012,99.6078,7.3
1,9018,25.4902,99.8
3,9019,99.6078,17.5
2,9023,100,7.3
1,9031,25.4902,99.1
3,9032,99.6078,17.5
2,9035,100,7.3
1,9042,25.4902,100.4
3,9043,99.6078,17.5
2,9044,100,7.3
3,9050,99.6078,17.6
1,9050,25.4902,101
2,9056,100,7.3
3,9063,99.6078,17.6
1,9064,25.4902,100.4
2,9068,100,7.3
3,9071,100,17.5
1,9076,25.4902,99.8
2,9077,100,7.3
3,9084,100,17.5
1,9084,25.4902,100.4
2,9088,100,7.3
3,9091,99.6078,17.6
1,9097,25.4902,100.4
2,9098,100,7.3
3,9105,99.6078,17.5
1,9108,25.4902,99.8
2,9109,100,7.3
3,9112,99.6078,17.5
1,9116,25.4902,99.8
2,9121,100,7.3
3,9124,99.6078,17.5
1,9133,25.4902,99.8
2,9134,100,7.3
3,9134,99.6078,17.6
1,9142,25.4902,100.4
2,9143,100,7.3
3,9146,100,17.5
1,9153,25.4902,99.8
2,9154,100,7.3
3,9154,99.6078,17.5
1,9162,25.4902,99.8
2,9165,100,7.3
3,9165,99.6078,17.7
1,9173,25.4902,99.8
2,9174,100,7.3
3,9177,99.6078,17.6
1,9182,25.4902,99.8
2,9187,100,7.3
3,9187,99.6078,17.6
1,9194,25.4902,99.8
3,9195,100,17.5
2,9199,100,7.3
3,9206,99.6078,17.6
1,9206,25.4902,99.8
2,9207,99.6078,7.3
3,9215,99.6078,17.5
1,9215,25.4902,99.8
2,9219,100,7.3
3,9227,100,17.5
1,9228,25.4902,100.4
2,9232,100,7.3
3,9236,100,17.5
1,9239,25.4902,100.4
2,9239,100,7.3
3,9251,100,17.5
1,9251,25.4902,99.8
2,9251,99.6078,7.3
3,9255,99.6078,17.6
1,9260,25.098,101.6
2,9265,100,7.3
3,9269,99.6078,17.5
1,9273,25.4902,98.5
2,9274,100,7.2
3,9281,99.6078,17.5
1,9281,25.4902,99.1
2,9284,100,7.3
3,9288,99.6078,17.5
1,9292,25.4902,100.4
2,9293,100,7.3
3,9297,99.6078,17.5
1,9301,25.4902,99.1
2,9305,100,7.3
3,9309,99.6078,17.6
1,9314,25.4902,99.1
2,9318,100,7.3
3,9322,100,17.5
1,9326,25.4902,99.8
2,9326,100,7.3
3,9331,99.6078,17.5
1,9335,25.4902,99.1
2,9338,100,7.3
3,9338,99.6078,17.5
1,9347,25.4902,100.4
2,9350,99.6078,7.4
3,9350,99.6078,17.6
1,9358,25.4902,99.1
2,9358,100,7.3
3,9363,99.6078,17.6
1,9367,25.4902,99.8
2,9370,99.6078,7.4
3,9370,99.6078,17.5
1,9380,25.4902,99.8
2,9380,100,7.2
3,9383,99.6078,17.5
1,9387,25.4902,99.1
2,9391,99.6078,7.3
3,9396,100,17.6
1,9400,25.4902,99.8
2,9404,100,7.3
3,9404,100,17.5
1,9413,25.4902,99.8
3,9413,99.6078,17.5
2,9413,100,7.3
3,9421,99.6078,17.5
1,9421,25.4902,99.8
2,9425,100,7.3
3,9433,99.6078,17.6
1,9433,25.4902,100.4
2,9437,100,7.3
3,9441,100,17.5
1,9444,25.4902,99.8
2,9444,100,7.3
3,9454,100,17.5
1,9454,25.4902,99.8
2,9457,100,7.3
3,9462,99.6078,17.5
1,9467,25.4902,101
2,9467,100,7.3
3,9473,99.6078,17.5
1,9477,25.4902,99.8
2,9478,100,7.3
3,9482,99.6078,17.5
1,9486,25.4902,99.8
2,9490,100,7.4
3,9493,99.6078,17.5
1,9498,25.4902,100.4
2,9498,100,7.3
3,9503,99.6078,17.6
1,9510,25.4902,99.8
2,9510,100,7.3
3,9514,99.6078,17.5
1,9518,25.4902,99.8
2,9522,100,7.3
3,9522,99.6078,17.6
1,9530,25.4902,99.8
2,9531,100,7.3
3,9534,99.6078,17.5
1,9538,25.4902,100.4
2,9543,100,7.3
3,9548,100,17.5
1,9552,25.4902,99.8
2,9555,100,7.3
3,9555,99.6078,17.5
1,9563,25.4902,99.8
2,9564,99.6078,7.4
3,9568,99.6078,17.6
1,9571,25.4902,99.1
2,9575,100,7.3
3,9576,99.6078,17.6
1,9584,25.4902,99.1
3,9585,99.6078,17.6
2,9587,100,7.3
1,9596,25.4902,99.8
3,9596,99.6078,17.5
2,9596,100,7.3
1,9604,25.4902,99.8
3,9605,99.6078,17.6
2,9608,100,7.3
3,9617,99.6078,17.6
1,9618,25.4902,99.8
2,9620,100,7.3
3,9626,99.6078,17.6
1,9626,25.4902,99.8
2,9630,100,7.3
3,9637,99.6078,17.5
1,9638,25.4902,99.1
2,9641,100,7.3
3,9648,100,17.5
1,9649,25.4902,99.8
3,9657,99.6078,17.5
1,9663,25.4902,99.8
2,9663,100,7.3
3,9669,99.6078,17.6
1,9670,25.4902,99.8
2,9674,100,7.3
3,9679,100,17.5
1,9682,25.4902,99.8
2,9683,100,7.3
3,9690,100,17.5
1,9693,25.4902,100.4
2,9694,100,7.3
3,9698,100,17.5
1,9702,25.4902,99.1
2,9706,100,7.3
3,9711,99.6078,17.6
1,9714,25.4902,101
2,9715,100,7.3
3,9718,99.6078,17.5
1,9728,25.4902,100.4
2,9729,100,7.3
3,9732,99.6078,17.5
1,9735,25.4902,99.8
2,9738,100,7.3
3,9739,99.6078,17.5
1,9748,25.4902,99.8
2,9749,100,7.3
3,9752,99.6078,17.6
1,9761,25.098,101
2,9761,100,7.3
3,9764,99.6078,17.6
1,9767,25.4902,99.1
3,9768,99.6078,17.4
2,9772,100,7.2
1,9781,25.4902,100.4
3,9782,99.6078,17.5
2,9787,100,7.3
1,9792,25.4902,99.8
3,9793,100,17.5
2,9793,100,7.3
3,9801,99.6078,17.5
1,9801,25.4902,100.4
2,9805,100,7.3
3,9813,99.6078,17.6
1,9814,25.4902,99.8
2,9814,100,7.3
3,9820,99.6078,17.5
1,9826,25.4902,99.8
2,9827,100,7.3
3,9833,99.6078,17.6
1,9834,25.4902,100.4
2,9838,100,7.3
3,9842,99.6078,17.6
1,9846,25.4902,99.8
2,9847,100,7.3
3,9854,99.6078,17.6
1,9854,25.4902,99.8
2,9857,100,7.3
3,9861,99.6078,17.6
1,9867,25.4902,99.8
2,9872,100,7.3
3,9874,99.6078,17.5
1,9879,25.4902,99.8
2,9880,100,7.3
3,9883,99.6078,17.6
1,9887,25.4902,99.8
2,9891,100,7.3
3,9895,99.6078,17.6
1,9899,25.4902,100.4
2,9900,100,7.3
3,9902,99.6078,17.5
1,9912,25.4902,99.8
2,9913,100,7.3
3,9916,99.6078,17.5
1,9919,25.4902,100.4
2,9924,100,7.3
3,9928,99.6078,17.6
1,9935,25.4902,99.8
2,9935,100,7.3
3,9935,99.6078,17.5
1,9945,25.4902,100.4
2,9946,100,7.3
3,9949,99.6078,17.6
1,9956,25.4902,99.8
2,9956,100,7.3
3,9956,99.6078,17.6
1,9964,25.4902,99.8
2,9964,100,7.3
3,9969,99.6078,17.6
1,9977,25.4902,99.8
2,9977,100,7.3
3,9977,99.6078,17.5
1,9986,25.4902,99.8
2,9990,100,7.3
3,9990,99.6078,17.6
1,9998,25.4902,99.1
2,9998,100,7.3
3,10001,99.6078,17.6
1,10006,25.4902,99.8
3,10009,99.6078,17.6
2,10009,100,7.4
1,10019,25.4902,99.8
3,10019,100,17.5
2,10023,100,7.3
1,10027,25.4902,99.8
3,10031,99.6078,17.6
2,10031,100,7.3
1,10039,25.4902,99.1
3,10039,100,17.5
2,10044,100,7.3
1,10050,25.4902,99.8
3,10051,100,17.5
1,10059,25.4902,99.8
3,10059,99.6078,17.5
2,10063,100,7.3
1,10071,25.4902,99.8
3,10071,100,17.5
2,10076,100,7.3
3,10079,99.6078,17.6
1,10079,25.4902,99.8
2,10088,100,7.3
3,10091,99.6078,17.6
1,10091,25.4902,99.8
2,10095,100,7.3
3,10100,99.6078,17.5
1,10105,25.4902,101
2,10109,100,7.3
3,10112,99.6078,17.6
1,10112,25.4902,99.1
2,10116,100,7.3
3,10125,99.6078,17.6
1,10125,25.4902,99.8
2,10129,100,7.3
3,10134,99.6078,17.6
1,10136,25.4902,100.4
2,10140,100,7.3
3,10140,99.6078,17.5
1,10145,25.4902,99.8
2,10149,99.6078,7.4
3,10154,99.6078,17.6
1,10157,25.4902,99.1
2,10162,100,7.3
3,10166,99.6078,17.6
1,10169,25.4902,99.8
2,10174,100,7.3
3,10174,99.6078,17.5
1,10177,25.4902,100.4
2,10181,100,7.3
3,10186,99.6078,17.6
1,10191,25.4902,99.8
2,10195,100,7.3
3,10199,99.6078,17.5
1,10207,25.4902,99.8
2,10207,100,7.3
3,10207,100,17.5
1,10210,25.4902,99.8
3,10214,100,17.6
2,10214,100,7.3
1,10223,25.4902,99.8
3,10224,100,17.5
2,10228,100,7.3
1,10236,25.4902,99.8
3,10236,100,17.5
2,10240,100,7.3
1,10244,25.4902,99.8
3,10244,99.6078,17.6
2,10256,100,7.3
1,10256,25.4902,99.8
3,10256,99.6078,17.5
2,10260,100,7.3
1,10263,25.4902,99.8
3,10264,100,17.5
2,10273,100,7.3
3,10277,99.6078,17.6
1,10277,25.4902,99.8
2,10284,100,7.3
3,10284,100,17.5
1,10288,25.4902,101
2,10293,100,7.3
3,10296,99.6078,17.5
1,10296,25.098,102.3
2,10305,100,7.2
3,10308,99.6078,17.5
1,10308,25.4902,99.1
2,10317,99.6078,7.3
3,10317,100,17.4
1,10322,25.4902,99.1
2,10326,100,7.3
1,10334,25.4902,99.8
2,10334,100,7.3
3,10338,99.6078,17.5
1,10342,25.4902,99.1
2,10345,100,7.3
3,10349,100,17.5
1,10354,25.4902,99.8
2,10357,100,7.3
3,10357,99.6078,17.5
1,10367,25.4902,99.8
2,10367,100,7.3
3,10370,99.6078,17.5
1,10375,25.4902,99.1
2,10379,100,7.3
3,10379,99.6078,17.6
1,10387,25.4902,99.8
3,10387,99.6078,17.7
2,10391,100,7.3
1,10400,25.4902,99.8
3,10400,99.6078,17.7
2,10400,100,7.3
1,10408,25.4902,99.8
3,10408,99.6078,17.6
2,10412,99.6078,7.3
1,10420,25.4902,99.1
3,10420,100,17.5
2,10424,99.6078,7.3
3,10428,99.6078,17.5
1,10428,25.4902,99.8
2,10431,100,7.3
1,10441,25.4902,99.8
3,10441,100,17.5
2,10444,100,7.3
3,10452,99.6078,17.6
1,10452,25.4902,100.4
2,10458,100,7.3
3,10461,99.6078,17.5
1,10461,25.4902,99.8
2,10464,100,7.3
3,10473,99.6078,17.5
1,10473,25.4902,99.8
2,10476,100,7.3
3,10481,99.6078,17.6
1,10481,25.4902,99.8
2,10490,100,7.3
3,10493,99.6078,17.5
1,10493,25.4902,100.4
2,10498,100,7.3
3,10501,100,17.5
1,10501,25.4902,99.8
2,10508,100,7.3
3,10509,99.6078,17.5
1,10512,25.4902,99.1
2,10517,100,7.3
3,10521,100,17.5
1,10526,25.4902,100.4
2,10531,100,7.3
3,10531,100,17.5
1,10538,25.4902,99.1
2,10542,99.6078,7.4
3,10543,99.6078,17.5
1,10545,25.4902,99.8
2,10551,100,7.3
3,10553,99.6078,17.6
1,10558,25.4902,99.8
3,10563,99.6078,17.6
2,10563,100,7.4
1,10571,25.4902,99.8
3,10572,99.6078,17.7
2,10576,100,7.3
1,10580,25.098,101
3,10584,99.6078,17.7
2,10584,100,7.3
1,10591,25.4902,98.5
3,10592,99.6078,17.5
2,10595,100,7.2
1,10604,25.4902,100.4
3,10605,99.6078,17.5
2,10607,100,7.3
1,10612,25.4902,100.4
3,10613,99.6078,17.6
2,10617,100,7.3
1,10620,25.4902,99.8
3,10625,99.6078,17.5
2,10625,100,7.3
1,10632,25.4902,99.1
3,10633,100,17.5
2,10635,100,7.3
1,10645,25.4902,99.8
3,10646,99.6078,17.5
2,10650,99.6078,7.3
3,10657,99.6078,17.5
1,10658,25.4902,100.4
2,10658,99.6078,7.3
3,10665,99.6078,17.6
1,10666,25.4902,99.8
2,10670,100,7.3
3,10677,99.6078,17.6
1,10678,25.4902,100.4
2,10678,100,7.3
3,10686,100,17.5
1,10690,25.4902,99.8
2,10691,100,7.3
3,10698,99.6078,17.5
1,10698,25.098,101.6
2,10702,100,7.3
3,10706,99.6078,17.5
1,10710,25.098,99.8
2,10711,100,7.2
3,10718,99.6078,17.4
1,10722,25.098,99.1
2,10723,100,7.2
3,10726,100,17.3
1,10731,25.098,97.9
2,10735,100,7.2
3,10739,99.6078,17.3
1,10742,25.098,97.9
2,10743,100,7.2
3,10747,99.6078,17.3
1,10755,25.098,97.9
2,10756,100,7.2
3,10759,99.6078,17.3
1,10763,25.098,97.9
2,10769,100,7.2
3,10769,100,17.3
1,10776,25.098,97.9
2,10777,100,7.2
3,10780,99.6078,17.3
1,10783,25.098,99.1
2,10787,100,7.2
3,10788,99.6078,17.3
1,10796,25.098,97.9
2,10800,100,7.2
3,10801,99.6078,17.3
1,10808,25.098,98.5
2,10808,100,7.2
3,10813,99.6078,17.3
1,10817,25.098,97.9
2,10821,100,7.2
3,10821,99.6078,17.3
1,10829,25.098,98.5
2,10829,100,7.2
3,10832,99.6078,17.3
1,10841,25.098,99.1
2,10841,100,7.1
3,10846,99.6078,17.3
1,10849,25.098,97.9
3,10850,99.6078,17.3
2,10854,100,7.2
1,10862,25.098,97.9
3,10862,99.6078,17.3
2,10862,100,7.2
3,10871,99.6078,17.3
